-6914
3777
-8706
-9892
4184
-728
5589
-5158
-4286
-6400
8209
-7542
3417
5882
-7977
-8227
-6765
4877
533
4873
2747
2298
2791
-7030
-1967
3388
-6092
4890
-5267
-7612
-2237
-6336
6255
2921
7976
5127
-7063
2956
-1834
-4910
1408
8959
3664
-6969
1757
9527
-1169
-3746
277
-8935
6897
5902
4401
6214
4434
787
-9014
8324
2075
-9203
-4635
-9301
-9890
-6674
5836
4546
-3797
-9504
7906
-3105
8836
279
-3289
-4557
-6534
3788
8633
-239
1212
-1495
-5443
7653
-5387
-6332
-4510
1861
-738
-9959
8487
-2811
4142
-5387
-9119
-2631
9725
710
8849
338
-2806
7210
3325
-1665
-1652
-6617
-7772
-3381
-809
-1042
2749
-9354
2153
1225
-2888
-6429
6239
-2289
6085
6441
7835
-6024
-4716
-3838
-7991
717
2753
4224
-602
9341
-4282
2756
4939
-1704
-7433
4002
5180
6222
-694
-8769
-8560
8871
-7329
-9695
-2708
7842
5035
-7083
7500
7310
1130
2015
4624
-7592
2502
-6781
1927
-2837
-3674
7630
630
-1996
7220
-151
-6759
9993
-4293
-6142
-1341
3110
-1609
-9983
8404
4855
5001
8964
-8695
-5020
8870
-5833
5681
-164
6723
2088
-1788
3702
8131
2531
5793
9347
-7925
-1983
-104
1676
601
3436
-8348
2822
7063
-2701
2136
1178
4258
-5609
-1080
1114
3611
9768
-2594
3538
-8085
-3052
-1707
-7840
-8051
-9206
1280
-4868
-8362
-462
-8138
3175
-1936
-689
1035
-9626
120
-3272
-5746
-8434
7312
-1517
-2084
1571
2031
-5496
5577
2333
-6831
7098
-9908
8362
-4875
-7744
7433
5126
9724
-2263
-273
-193
-7844
6519
1185
-2474
-4563
8960
-6886
-5053
3355
-1454
-9006
-3117
5514
-4159
6225
3431
9032
6721
129
7445
-4784
8947
-8036
-5460
-553
-6501
-1949
-4191
1878
5908
-9350
-7616
7001
4447
9409
-9206
7298
-9610
-3865
3070
-8610
631
8977
4622
6104
3209
-7152
9283
-3970
-5998
6094
-6996
7607
2282
-5408
-6792
4556
-3354
8079
-8061
910
7305
3069
7446
-2103
8609
-119
-8932
-3569
5432
6133
8642
587
7058
6056
4585
9969
-2659
-1565
6238
-9349
-1233
9778
-2123
9814
7645
-5223
-5280
-145
6202
-3763
653
-7689
-5804
-7839
-5915
7561
-8468
-3274
7495
-6672
-8220
2853
598
-2131
7452
2417
-9451
6225
6
-6761
-2785
8210
-8158
-8712
-7856
7526
-4808
7632
251
3833
-4838
1213
229
-805
-4520
6331
-3609
4898
1972
7023
8438
-9385
939
2910
8870
5913
-819
-9991
-7637
-4771
-5772
-1506
9849
2964
9021
2442
-9530
-7091
-9982
-3442
2370
-6100
6475
-6338
8165
567
-7376
-8597
-7611
-8879
-3973
-4349
-5746
2983
-5200
-3399
-2729
-1069
-7583
-3770
-1654
-4816
5269
-4978
-394
6668
1363
7265
173
3038
5862
-6518
4881
-4586
-5346
4539
-5860
-2722
4745
-1696
3290
-2222
7620
-8757
9202
8576
-5760
-3134
-1836
2421
-4829
1539
-9507
3787
8212
-2813
-1370
1453
4056
-8502
9203
-4641
1230
-650
-4742
-7455
769
8840
-1671
261
-7539
9993
4185
4113
2940
-9431
-2437
4027
-4181
1029
2428
-5503
-899
7751
-2133
-5677
-7010
-8906
-2798
7467
-4091
2686
3221
3248
-900
-2069
6547
-1730
5984
6658
-2192
-4601
8536
7903
-40
-4822
7353
-3621
-9152
7644
9623
4602
-4366
-6972
-931
4707
6257
3478
-8516
-9065
9554
-324
1638
862
-5648
-225
-3227
-9062
-4986
-4991
-5979
9293
8043
-839
-6778
-2971
-4040
1198
-2209
-7310
-3030
6610
-9754
-442
7843
1307
-2948
194
-5821
4393
1673
-6930
-3214
5049
7103
8131
3761
-2325
3551
-9814
8404
6416
-8634
5838
3623
-9670
6559
6473
9806
-7960
-1253
-4940
-4313
8794
3965
-7055
-570
-7919
3018
3045
-7277
6578
6758
621
3336
-9049
2507
-7006
2058
-4910
3268
8285
7646
-2394
-5715
554
5245
-5592
5934
7514
4747
579
388
-7860
-4354
-3386
7382
-2008
-8916
4159
-1298
1680
4656
-9493
7462
-8173
9657
745
-7497
2673
-2178
3565
-5585
4716
-1229
461
-2587
8081
4509
-6588
-2300
-4977
-3853
5504
8297
2144
-3809
4618
-5025
-3278
-6431
-5484
-8090
7899
6388
-8411
-6370
7140
143
-7541
896
-5500
-8095
-6738
-307
-8818
-3836
5671
3369
5185
9200
9301
3483
7672
-3540
-6320
-4466
9152
-7790
-4681
5635
-4961
-4229
5781
-895
-6693
1656
-3484
8328
-2818
-3169
273
-2061
2051
2516
-6800
-6882
-7115
-4188
7115
-4020
519
-8750
-211
-2479
-5733
1033
-5762
1440
2709
6055
-5522
4930
-5176
-3177
-4143
8729
-3876
4157
-3613
-474
9648
7343
-3813
-1646
-1072
1363
-8567
-4843
-6740
-9438
-7351
3341
-4906
9339
-4884
-6210
5981
-1740
-5162
2274
-2581
5076
-4380
1127
-7646
5342
-6885
-4772
-3341
-5530
6994
-1272
9424
-2410
-3668
3176
5063
-8565
8593
2904
-400
9081
-1820
2147
3406
1137
-163
-4515
-8293
-7932
-7252
7863
-681
4112
-7892
-5427
1724
5059
-3999
3585
-1752
6204
8497
8789
-6433
3920
3916
7503
3007
1940
-1273
4547
-333
1933
-7326
-1663
-3104
3472
7721
1216
-4495
7630
-6479
-5408
-8278
9131
9408
-4688
-4517
-8241
-8547
-9996
5433
-4992
-5343
3396
-9415
-610
-1419
9485
7221
2333
2477
-233
3340
-1799
-1803
7386
1439
3770
7676
8251
7338
4785
-1920
618
2683
3905
7068
-5565
4512
-1396
2021
1249
487
-1276
9113
-5341
-2723
-723
-2247
7505
-5109
8235
3995
3172
-4847
3754
1251
3521
935
-7977
3873
1712
-5918
-6799
-7335
-9351
6927
4039
-9286
-3321
2322
-5854
-5026
-1382
-9688
-8771
9279
-5383
-912
-6462
110
-7837
-3983
-9828
3360
9103
-9210
4908
-4535
8929
-7345
-6453
3500
2490
4731
-9690
-2833
-2714
-3941
8464
-2269
3237
-1436
-8925
-4816
-9254
3261
-4622
2860
-6075
4474
-3366
-5567
-2603
1912
1710
-4305
-6089
-159
-6438
9858
-7980
-1426
-8215
-5975
-1225
646
2484
3887
-9997
4062
1993
8558
623
5807
6872
3598
-5057
4988
2615
-4158
5412
-7951
-8459
-5545
6020
9114
-3896
-9422
-6979
4615
-6744
7445
-7502
8605
-4288
-5337
-3220
7050
6408
100
-9222
1491
2857
-137
-7518
-1924
3810
1590
5040
8111
-9248
-1077
7225
7719
-5553
9971
-2966
7329
-1995
-339
-5458
1907
866
-4612
806
4548
6060
2017
96
2209
-3181
-2107
8579
-7484
-4936
-6078
-809
1678
-8026
-2056
-4695
4514
-4462
-5091
3863
4333
-9779
-5222
4159
-4260
7629
-550
-955
-3252
-4442
-1129
-9375
-2530
9056
-2066
2015
-8207
-8506
-7169
1293
2859
343
4709
2656
-9475
780
5356
5356
-9939
-5643
28
-3630
-4042
1525
6473
4327
1283
7858
-5644
4580
7368
8847
1832
6958
6193
-6702
-8278
2621
4039
5928
-6487
3020
-7293
3615
-8996
-6010
-4489
2122
3635
4960
-7727
4093
-1015
-7609
5529
-7498
4667
5944
-7416
3606
-9267
-6066
7138
-1749
3924
4011
8511
7751
6463
7227
-942
-7264
-8682
-5867
-9155
7008
-6337
2342
521
2483
-1183
9161
-5776
-605
2307
-6725
-137
-559
-8571
3691
-1369
-4223
37
-9566
5196
9578
5881
4456
9690
-3007
-4521
-2241
5659
6408
-4098
9537
2776
-5147
-8453
8520
8839
-7675
-4576
100
-5210
-8429
9710
-2257
5943
650
-5851
-930
6322
-7228
-1404
-6718
2698
-9116
-1064
-8734
-8872
-793
2651
-6471
-2995
-8942
-6497
-2184
-6507
2769
499
-4990
-2105
-7092
4852
-3694
-9647
9936
5644
3625
9867
-1862
8512
-959
-7156
6409
1436
2887
-2188
-7379
-3160
1893
5916
-9719
7393
-368
-326
-8104
-6904
-6268
8068
1895
-5749
-6825
-9849
9138
-8825
3415
-2081
-7709
-7071
2761
-4760
5310
-8601
2989
695
-6390
-9315
596
-379
615
-9996
-9127
-4070
8606
-906
-2386
-4486
-4780
6631
8457
6841
1912
5557
-2027
-6112
5337
-1109
-6295
5234
8021
-5031
-4479
9691
4078
-3347
-9394
8882
-5595
8937
-3936
-8788
2499
4111
-2546
1891
-6622
7244
-8455
45
3561
-2099
-7301
-4341
-5528
5919
3327
9753
3425
-898
5357
4719
6979
5362
1600
-4353
4483
-8819
1852
1953
-1512
-1268
-8890
-3717
568
7246
-5658
7801
-1896
6081
-9489
8093
-2654
3660
-8327
121
-7730
9861
5220
8158
3326
-9147
-4543
5302
-6419
1345
-5768
7137
-7488
-8193
7408
-7803
-4607
-408
-8442
-5170
-3209
6416
5091
-2774
1578
5526
1650
7344
-1408
7263
-2626
-6680
3689
-8521
-6623
4621
-4039
3693
8626
-2364
-6725
-4193
-7298
9222
3014
-2795
5290
-3703
8672
8313
2700
7753
2103
6843
-6670
-4147
-5230
-2005
-3419
7799
-798
-1887
-3289
-3683
-6029
-9087
-6552
-8967
8429
-7213
6236
1700
965
3922
-8445
-9016
3714
5869
4211
-5627
-9764
-4646
8671
279
-5437
-380
1216
6846
8148
7523
-148
7965
-2888
-9173
8433
5162
9096
6385
5251
2102
-6243
4257
-2133
5886
-7923
-8999
-3211
8181
5288
-7653
2139
-1099
3784
-7791
7564
-6151
-559
6432
-8246
4351
-304
-3398
-7116
-9094
2935
8271
-5412
138
5488
-3607
-8112
7329
-9382
-7891
-9383
-4022
7486
-7214
-1798
-6437
-7169
3035
-8442
5802
-4615
-9049
-5818
-5096
-6737
4584
-4279
-7336
4631
-9099
-7594
7154
1374
-3039
-7049
-6194
6413
6650
-7307
-1105
-9540
4810
-1716
1675
-8408
1586
-3638
-3344
-1769
8191
1520
6661
-4955
-2919
5521
1985
4090
9684
-3125
-9095
-9327
9223
-7301
9717
9702
-6538
4604
526
9835
-5603
-2850
-3820
342
2662
5343
575
2667
2506
-6688
1677
-1777
9065
4433
6439
-620
-4255
2110
-5707
1440
966
-284
6729
-224
-8211
-1777
-8764
2112
-1433
1973
8130
6981
5836
-3179
-6166
1042
-4659
-3680
2382
1738
-5054
9317
-8416
6372
5197
2681
-8393
-5209
-3741
338
3958
1351
311
9086
-1131
4681
421
6404
-1447
-5561
4108
8463
-5899
-9466
-4818
4696
2386
2245
599
-4602
-5961
9425
9728
2555
-3506
1648
-1868
-9643
4578
-893
-3383
6445
-4147
8228
8014
-3220
-3330
6750
7951
-847
-9378
-1064
7766
-2057
7630
-3517
5217
-8950
1191
-9498
-9704
-638
4191
-9138
-3701
4533
1623
7756
2592
7221
-3451
64
-8174
9445
7822
7662
2610
-4128
-7481
8401
-1974
5636
4294
-8553
-5224
5103
-8341
1785
4925
-9989
6430
-2918
-834
4076
-1188
7254
-7745
-5008
1930
-6518
5157
-1086
-5842
-9270
-7396
557
-2889
8320
121
9967
3872
-654
8531
2789
2476
-5341
5068
2744
6085
1196
2874
9837
-7168
2581
-9208
9467
-9101
-2251
634
-9431
5408
-2381
3941
9036
-6755
9111
1478
3564
8843
4218
-2007
-6662
-8335
4957
-3861
-2915
-1449
6376
-8399
-5847
-7814
-489
-1094
-9265
608
5319
-3918
1577
9938
-6863
-341
9361
-2313
-448
-5440
-3747
5404
9494
-455
3364
3181
-8495
3900
-8133
-6797
-464
8172
-2125
-3557
3706
916
-5478
-3851
-3519
8382
-4102
8713
3206
-1571
-2075
3030
9901
3626
5707
-5440
-1369
5650
2112
398
9885
1680
-944
-3168
-1763
972
-9318
5610
-2961
7531
-8928
7147
8207
-4866
-3768
2220
-4862
3212
-8793
1170
8661
-2460
-7801
1065
-8380
-9665
3279
-2122
8192
7307
4572
3885
-3940
7476
-3443
-7973
-8140
7690
7912
5508
7700
287
1674
5674
-2642
778
4822
4767
-2606
-6512
9421
5418
4444
-9057
1736
2346
-518
7991
-4788
-2098
7693
2803
7417
-269
-7040
-2814
1087
-9268
8576
-5795
360
-2552
5300
-4302
3469
-1625
5865
-3476
-6292
842
-4487
8511
-9515
4705
7885
9153
9441
-4882
-4259
4211
2545
-6131
2478
10
7815
-5103
2870
-8057
2715
-9827
9691
4091
6190
-6811
3128
1974
-9881
-1253
-2527
-6638
6480
-7042
4283
4370
-7610
9181
2319
-7287
1846
-6193
-2255
-4031
4990
-5634
1660
-3509
4969
-4709
-2118
-1427
5505
3923
3808
-6464
1150
1422
-7679
7295
-8422
-4089
9034
694
7644
-7620
7731
-413
-415
8107
-2379
8634
2578
157
97
-1092
2428
3722
9100
1825
1529
-3363
7005
4827
-9134
8900
-2143
-7443
-851
748
-6780
967
6860
5023
-8865
-4065
-5228
7050
-1675
2611
-3366
-7927
6905
6861
7669
-753
5994
-4652
-6174
-5099
1108
7428
2321
495
-4234
4940
-1094
-5792
-172
8743
4523
5174
-9562
8837
4888
6653
-8226
7554
-977
-5837
-5864
5377
-4602
-3511
-4809
-543
-269
-9856
7157
1618
-7093
-7490
8731
-5751
9640
-4208
8646
-3635
-742
-3805
7028
-9435
-2778
-419
8088
1460
-8365
8068
-8026
-8983
-2527
8440
6325
9663
-9235
5730
2030
-4168
-4695
6309
-4790
-1237
-2950
8209
5837
2014
6443
6189
9196
-904
8007
5408
-1703
-7171
-2866
-6429
-1845
5816
-1599
3731
-2177
1663
8170
6141
-5854
-5534
-3816
9067
-6516
-6090
3761
2814
-8939
2948
-9015
-1734
3515
-988
3744
-3925
5016
-4555
8872
2877
-6990
2064
144
3496
2530
7193
-2424
6213
7431
1573
-1514
3546
593
908
4064
1372
-4170
7375
2705
5286
5335
-4806
4348
5348
-8156
8868
56
9142
-7927
-7673
8715
-7622
2791
-4707
3132
2081
4322
2687
-3462
-3709
6334
7547
5382
-512
-5537
-2561
7673
-7392
4948
-7627
-9755
7640
2740
-6414
7542
7815
7716
4796
1653
3662
-2862
-1567
4141
5104
2857
-3891
-9244
-4700
7776
-8016
7049
3142
838
-3585
8951
7787
-189
-5140
886
4405
-8805
-2551
-5805
9700
-7918
-8925
-363
-795
-2249
5316
4364
9525
-8965
2876
9152
-2098
-6593
-9721
6631
8353
-3317
2373
-5169
2964
-4677
-2897
-3198
-3675
-5366
9755
-1995
2857
-6089
7248
2467
9689
-5761
4441
3022
1782
6471
1551
7549
-7539
-2381
7524
2108
7962
-2737
1050
4380
-468
-1771
2532
-2278
-1178
-7382
1230
4377
4978
4272
-6687
-5429
-2005
-2689
-8492
5615
-6214
-9591
9462
-6336
-1034
-2744
-5151
-8117
5131
4823
-7629
-4655
-2201
4995
-1160
9062
3584
-4625
8472
-5372
1378
-474
-6354
7071
3008
-9936
8043
7509
3159
-3019
-445
5149
-3888
-8091
-1678
7553
-2200
-2613
-4585
-7723
-6619
650
2591
3998
-9752
-4114
-3421
9983
-4567
-5750
986
-7379
-1162
6879
-5762
4259
6763
-7608
655
-1098
-788
-2661
-1277
-1849
-4731
-2779
9233
-4109
-3327
1287
1263
-3802
9959
6196
-8752
-9271
6935
-353
6824
-2877
3484
8060
2077
-1091
5994
-3066
-3689
-768
7670
4063
-9210
-4591
6731
6512
3064
6041
-8073
-5560
-1271
3027
-3348
-9311
3310
4145
2986
-5211
-7339
2642
5632
-6490
7323
-2883
-4433
-6467
5418
1152
5261
9813
2157
8334
-9090
1
-1780
2610
498
-4145
-534
-6552
-6868
-4794
8801
2496
-9081
-6202
-9529
2795
-5250
7931
5922
1205
-5726
3669
3600
4161
6740
3673
9841
3198
-8905
-8087
-9219
-7887
2283
394
2117
6651
2469
-9299
-6352
-2868
5323
9213
-489
426
-5292
-5172
-3801
-8230
-6937
-7377
-3598
7329
-6109
-9047
4061
-2759
6401
4058
5870
6824
-3987
6267
-7647
-8780
-5574
6688
-9786
524
1680
-6180
-9673
-5950
4284
-1209
5882
-4939
-5841
-6826
-547
1912
-2525
8072
136
8472
5510
-6549
8221
1330
6333
-5123
-9750
8410
-5170
-3177
-8881
9055
6860
-1709
-3999
-1981
-5385
5674
89
9243
-7704
-7648
-6954
5100
-4930
-999
-6917
3227
-5394
-6042
-650
-2059
-3868
-6119
-4291
-9025
8467
-1117
4191
-3196
-6430
-8083
9219
-2539
-2328
6826
-1800
5867
7173
-8565
-2702
1800
-2017
893
6176
3159
-9594
-6878
-3739
-2668
-8206
-2977
3805
-9127
7473
3178
2924
2980
-7417
-4974
-448
5731
-8516
-6714
5674
-9621
-6868
5585
-2571
-1757
-9199
-2784
6054
-6829
6660
7549
9957
5238
-2295
2550
-9430
5345
-7377
-3141
-4990
6546
-1888
8347
-13
4494
-6097
5220
3285
2147
1882
1566
317
-5302
5219
5797
27
-5180
5693
8017
-3469
4578
968
634
-5787
9923
3220
7685
-4724
32
-5543
4206
3109
4624
8275
9127
2267
-5215
-4402
2935
-5659
-4419
3930
-6092
1289
-4906
-2767
5260
-9980
1907
-7477
5749
9652
-5395
-9672
431
-4421
7478
4135
64
-8726
-3782
-55
-6747
-2309
7675
8456
5693
-3577
6092
-6469
-4758
9222
-7242
3677
-9049
-9352
-2939
9345
9118
2691
7960
7665
3368
-2490
-1293
4554
-1496
4296
-2156
3549
4789
650
5534
1661
8122
5636
678
6216
3613
-3363
1539
-1162
-6072
-1623
7281
6527
6894
928
9377
-217
8517
8132
5016
7372
-6686
-1448
6576
5743
8984
-6878
-48
-8603
8578
-7457
-1258
4592
-6311
1097
5554
-4686
-31
844
-4267
2482
-8848
-877
3738
-5009
228
2179
7659
7576
4919
8060
5031
6656
5634
8161
-1652
-429
9059
4935
7232
491
6684
142
259
-8615
9635
-7311
2839
-4202
5374
4063
9813
-2327
2400
-7466
6220
4191
4813
1585
-4485
-3195
-4537
2376
-3522
-9482
-2489
2085
8958
-4473
-7250
-4016
-3746
5034
3612
5241
5797
1009
8863
2353
-4644
-2460
9340
1861
-7798
-9144
8246
-2641
-5744
3100
-8059
4156
4757
-2525
-579
427
-4972
-5691
-6335
-259
3873
-2450
-6270
-2688
-6951
-610
-2191
-5220
4060
7159
-3263
-4789
5327
-7540
-3770
7974
-2535
3601
174
-4378
-7728
-9847
-2170
-4141
-6414
-1407
1227
8779
-4387
-6815
213
1488
-2655
-877
8480
7806
-6190
2028
-1187
2811
3047
3466
3298
-2904
-3637
6730
8828
2297
-8754
1447
-7037
1426
4134
8042
-2530
3721
9719
7871
-6274
4455
8163
-971
9167
875
-3054
5248
7866
-3795
-6020
-1576
4164
5436
-5211
7362
2575
-1195
-3146
-9266
9496
-3144
-236
8929
7534
4166
-9777
8786
7354
-698
-8346
-5240
8086
-4061
-1698
4357
4648
-5982
4299
-7577
-9849
1114
8864
2624
-1683
2821
7282
-2473
-3362
6771
-4532
8664
-3133
8986
8375
6870
-5308
9233
1495
-4998
653
-1841
7894
-1436
-5448
9220
337
-1774
-2866
432
-7285
-1442
4505
-5569
-9416
-1618
-2008
7139
613
-5287
6883
2695
2149
-9417
-6165
-7011
7892
9100
-2437
1432
-334
5414
2523
-702
1769
1991
3220
300
-1927
-904
-7516
-944
-9606
6206
4056
6909
-5840
-7564
8402
-7
-1121
-2448
-1379
-3218
-1882
7958
6010
7311
-5270
-8436
-8671
1237
-9337
5701
-9234
-2699
6035
-4792
2662
-1407
5162
7691
-933
-8483
-7771
-2172
2302
5942
-3474
-3075
8829
5456
-9302
7569
-7446
-7886
-3207
-4259
-8820
3811
5980
5908
-4430
-3491
-2232
1247
-1607
-5308
5440
-3244
-9125
8951
-226
-190
4831
1187
8484
-2896
-5447
-9709
-4344
-9932
786
7805
-7265
-4128
540
-6906
3148
8652
-9492
294
-5972
8850
2612
9254
2122
-7441
3749
982
9434
-2389
-9497
9770
-3950
9877
-4317
888
-7261
1366
-6370
9688
-8811
-9110
-1845
5912
-4877
-2235
-6225
-8103
-9293
-4700
1543
6788
-3752
581
4923
923
7197
5577
9065
5926
3355
3570
-9144
8045
9565
1015
1755
-7143
-9811
9651
-9645
-8217
5023
-9180
-894
-6861
695
6699
4131
-5643
8783
1852
275
4135
6067
-6285
3522
5469
-5046
4759
3691
-2839
2301
-2297
-3666
-2382
-9965
109
6347
4107
6009
-9081
-8292
-8944
-5055
-239
-8234
-4571
-8525
1785
-9772
-9502
-8554
4708
7142
-8497
-6705
-3280
-8022
5851
7493
6286
7902
-4570
-4039
3194
-519
-2680
4485
-8512
-6896
-9414
-9647
-9975
-1653
7865
145
-780
-809
-3693
-8051
-1906
3994
3169
4531
3193
-4285
7593
561
-5169
-5677
3314
-1868
-9504
6614
9723
-6984
6278
5094
1751
-9720
4446
943
9987
-1319
9642
-9855
-8579
-3638
9277
1358
4074
7529
5670
3902
-601
-7708
-5266
898
2767
-2521
1888
6759
-345
7164
-211
2454
9857
-6589
-1377
4849
3866
4126
7440
-3972
-2497
7150
4007
-5512
4889
3049
-5705
1232
1283
3472
249
5784
2461
-3407
-2785
7432
8282
-4619
-7673
-5728
-1608
7686
-8711
-7177
8891
-2812
-9712
8010
7738
-5572
7491
9948
-9910
-357
-3601
2248
-1716
-9754
6008
9718
-6815
-9343
-4524
6182
-3084
4004
9993
3264
6196
1191
6567
-1514
1799
3168
7636
-184
5862
1184
-4404
-2298
2761
-3716
3493
-3145
5980
300
5695
-7182
-9806
4966
-852
8036
-628
-7392
-8912
-2265
2211
-4894
5906
-5113
-2805
-2977
-8185
-3452
-2139
-994
-1850
-3078
2007
6582
6385
7100
4650
-1693
-3042
6900
-2837
8620
-9797
6616
8309
7175
3070
-8770
-7957
8530
9114
-809
2081
-99
7605
757
5277
-9291
-9492
-4262
-5530
-3054
8993
-3025
-7850
-1226
811
-6389
8580
2048
-6613
-8935
5650
-5813
-9428
3590
-5096
9290
-3422
19
3953
-9415
-5495
-669
-109
8958
4841
-7894
8977
-4371
-8177
3941
-2200
-8780
2430
-9782
9626
3227
4466
-464
-3636
-541
-7351
-6
5143
8049
3540
-2106
-671
-5984
-4146
5987
4131
488
1785
-6114
-7559
-337
7083
-6809
3933
-1295
-5366
2952
226
-554
3265
4431
1756
-9645
3963
1676
-5175
7041
-6345
-5506
7935
4510
4188
1842
-4581
-3053
2776
4962
9774
-4165
9809
7311
-566
-1455
7776
-36
6143
1275
5603
7658
-5174
-304
9768
-4303
-5215
9109
6137
-1025
52
4177
1163
7089
-3167
-2708
-4050
-2070
5475
-4758
7772
-3014
5929
-328
3178
-5609
-364
5953
-5003
-6788
-7422
-6001
5532
3549
-8561
-4004
9668
-1760
4742
-1509
-2943
-3690
810
-6198
-5090
-4403
4672
-7279
479
-7857
-7404
-154
4489
902
3502
-1382
-8270
5154
6518
5377
6060
-1169
4112
2926
-3603
-3947
8645
7613
5651
-9163
-2376
7710
3188
-3016
8184
1463
6175
2127
-5238
-2419
-282
-3084
-4525
-7146
-9384
2731
-490
-5369
-9953
2821
-5734
-5486
1721
9364
2430
8226
2197
7884
7404
8857
-3048
7059
-2930
-358
4519
-5114
6658
-2494
2718
-7960
2442
-397
393
-1062
-4341
-855
-6643
1258
2310
3665
6543
4014
7566
-7170
6571
-6890
-4011
3823
4553
9958
9265
8290
4722
-4096
-9371
2659
9846
5833
-1665
5729
6073
-7995
1912
8007
-9621
4663
4121
-7217
3705
-6714
4869
-9061
-4425
-6261
-7685
2937
9493
-5760
3071
1410
8896
-7165
2952
2760
-7226
4152
4880
-5511
-1691
3000
-701
-2477
-7076
6580
7592
4538
-7898
9559
-7548
-8092
-1012
-6794
-9882
1268
-4911
8326
2716
983
-6411
-2309
3166
5606
-7237
6924
6833
3239
-948
9152
5233
-3773
9783
-368
4473
-9294
3986
-2654
8015
-1006
-3853
-2224
836
9933
-8211
1163
-7578
5690
-7283
-8315
-2329
-5552
-8564
-6103
-9100
-9381
9834
3692
-5239
-4001
9747
-5647
-4513
-7050
-5674
6225
-7875
9356
-1267
9412
7281
7742
-9688
-6278
-5163
5813
6855
3232
3818
1599
4503
-8857
522
-2633
1481
786
-5209
5886
-1268
3855
-9128
-9706
-7414
2016
-753
-8206
-7711
-2114
5608
-4437
-961
-6934
-3042
-6695
-5596
-71
-5864
7713
9060
-4913
-6237
-3398
9874
3162
1496
8605
3831
8120
1468
3540
1434
-3762
624
4877
8540
6987
5157
-1704
4475
-6957
3524
-1031
7624
-1745
-7440
1437
4184
-2782
-7036
-8447
-3350
-2923
6826
-6354
92
4269
-9580
-576
-9480
641
-2037
-5831
6418
-7932
4128
-7198
2441
2081
-5236
-2583
4772
5840
-6762
6018
1562
4794
-1022
1619
602
-9941
-5578
-3387
5157
-85
-3109
-5643
-589
-3021
-5215
-5729
6567
-4266
-2224
-6165
5079
-645
2550
5557
4126
9758
8996
-7897
-7546
5546
-3220
809
-6160
-9191
2083
5298
-4708
-1200
8821
-9539
-3780
-8650
-988
-3497
5176
-228
3390
-4537
-2704
-9507
849
-961
-1936
9403
-9061
-7792
-7756
3421
7492
843
-8937
-7681
-5840
9610
-6864
6081
-9482
-1397
4896
-514
8979
-2232
-3088
-2684
7614
3729
-9656
-3953
-9619
-5645
-3631
3534
4807
-8038
-5302
7741
-7254
-5564
9869
-124
3055
1871
1307
-2021
9397
-6098
7190
-598
-6632
9095
-746
-5212
566
7809
-8486
-6918
-7872
-9251
-8210
-2790
-8136
6196
3040
3137
-5525
-2471
-2489
-7801
4912
-4606
3336
6082
-1266
-4980
6431
-2892
6460
8932
-2082
3712
6539
941
-7321
-8714
5101
-8419
-7032
6997
-9552
-8383
5614
-8003
-7353
2660
-1988
6859
8830
8169
-6496
1869
6390
4992
4489
7974
-4241
3172
6053
-4453
-8621
4405
-3379
-6805
2831
-1923
670
923
3517
1755
8036
-7106
-5439
514
-8249
3295
-220
1340
3436
6073
7008
9572
-1723
8290
5428
6048
7322
-8453
6451
-5295
5526
-8070
-4473
7421
5619
-3958
4996
2420
-834
4569
-8010
7089
-6658
-2924
-9866
-9389
-2691
-4123
3241
-8805
-1805
4419
9735
9979
-1462
-8193
-3871
-1669
-2234
6782
754
-876
4471
-1188
6228
6107
7366
-2860
4895
5708
8299
7359
-7825
8866
4084
9919
6230
-8798
8157
4818
-1260
1446
-1694
5257
6510
-8892
-7806
-4453
-1117
3812
9913
-3335
-5346
2383
-6185
2866
-7382
4529
847
-5973
-6756
-9831
981
7532
-7105
835
2245
-9130
-4104
-1381
-4424
-5073
173
2947
-1957
9308
-9182
9213
2302
5121
3913
1819
8256
-8917
5795
1634
2705
-209
5051
-8781
7301
-8299
354
4131
1575
-1429
-9535
773
2363
-4324
-1138
-8676
9651
-9735
-1764
4986
6492
1707
-5660
-5493
2048
-6596
-7772
5726
113
1424
-8087
-101
-8262
1260
8129
-7546
-4182
-5323
1318
-6124
4573
6042
-8627
9471
8843
45
-3149
-3373
-3741
2590
2168
7992
2846
-9191
5142
-9001
-4549
545
-829
3897
9472
4628
-5981
-9849
-3341
566
-965
-8897
-2454
-3591
5505
4975
-1054
-5639
-9586
-9550
335
-5131
-4337
-7997
6553
5601
-533
7523
9256
-6080
7052
-9071
6117
7130
7002
5273
5506
7421
-5597
9945
2024
-8778
2812
-1723
-8990
-4252
9080
9850
7084
7192
-954
-1514
-9604
4693
664
-9417
-5118
-2832
7344
-6128
-4839
-3504
-9105
-7260
3514
-1893
-5014
415
-594
-9767
9469
1525
9957
-9532
-1575
-887
2056
7385
-9007
805
6520
-383
-9561
-7936
4873
-1434
-9466
-8575
-3533
6420
392
-1662
-9922
-9469
4784
-4471
-9672
73
4763
2903
-9237
-1334
444
6851
7723
7521
-1472
9927
-3732
-8449
-1473
-2504
-3825
-3461
-2648
5544
-3943
8830
-2134
-5052
-2426
-6439
-6052
2986
-159
1131
1448
9427
-4317
-7103
-1214
-8017
-7377
-1910
42
-2145
9172
-6412
-5660
7352
-9962
-9394
5157
-5083
-2106
-7104
-7837
3538
3178
9240
9472
-8502
-7792
-185
-4670
7202
-5282
7458
-2989
-3407
-3927
-899
4245
-6629
2765
-3456
-5126
8085
6496
9497
6372
-7531
4490
514
-5090
-3032
-1596
9031
-4907
-3055
-1031
7910
-3751
-3557
-6576
-2711
9775
2807
-7240
2840
-6863
-8286
6576
7747
1279
937
-3640
1786
2151
-8650
8022
-5923
7041
3681
-7132
7003
-2993
1694
-5095
8361
-1201
-4314
2366
-9934
7623
-1837
-7147
-2198
9946
-4523
-3231
2066
5326
-6343
6360
4658
-4107
6743
9234
3973
-9392
6617
-3119
-6257
-1077
-5108
-9131
2568
-6425
-3579
-9718
-1918
-2097
-5602
-5958
7451
-652
6510
-9876
-6884
-1915
8558
1839
-3325
4581
-4044
-1249
3385
7320
-1790
1111
264
2459
932
7753
2181
8805
-1377
1143
2732
-2705
284
-5772
3526
-4805
8687
-5836
928
9614
8909
-4689
-618
6619
6119
-4111
-7950
-5221
-9793
-838
-7032
6141
-2517
5247
5365
5309
18
5622
6971
-3355
1861
8646
-9275
-4632
-2608
5821
7800
4331
8312
-8520
5894
-8207
7823
3770
8411
-7101
-8270
3644
6339
-4956
5704
-2598
8599
9461
-1824
6590
9811
5037
-1138
8217
5177
-6935
-2808
-5716
-2246
-9737
-5414
-5986
-773
-9702
-1912
-2281
-3533
8726
3268
-8825
8318
3713
6836
2466
3580
6373
9282
1927
941
-5541
-9952
-8736
7192
802
6009
-7236
-4531
-9904
-3697
2829
4600
3539
-3983
8148
8312
7715
-5582
6042
6955
-2015
-9064
9872
-3806
-2999
8272
-3901
8200
6396
-5363
8803
-6218
5265
3343
-6705
-9784
-6677
-3179
8425
-5711
-4675
-7750
-3629
2424
-9561
-3426
-5221
-2303
8688
4153
5864
1956
-6759
4972
-7044
-6476
-9824
5070
192
2529
-89
-5436
-927
5458
-2500
-952
9335
-9803
-7278
7932
4989
895
-4008
1754
1631
-4265
4564
-2552
-4245
-9573
3493
8402
9511
-7757
-1227
-3153
-9459
-9707
387
9771
-9959
-1747
6629
-4104
4377
-9238
3177
913
-5075
1391
-2761
-5418
-5025
-9244
9163
-5030
-4035
1487
-6658
7220
-1041
2727
-685
-235
9036
1508
-4948
-3170
-3314
-9347
-1492
9043
-191
-7050
7892
-3263
4265
-9904
7376
869
2557
-6348
-7476
4364
3188
-1089
3427
8756
-6920
-6197
-9118
-947
6951
3167
812
-2687
8938
-3135
-3140
-7130
5709
-3652
-5773
-5728
-7116
-1804
4773
-7975
-7137
2427
704
-4131
4111
2472
-5337
-4693
204
4951
6576
125
8081
-3704
-6249
-7117
9770
9454
-7908
6642
2137
580
-2202
-2599
3236
4507
5159
-3790
9424
8251
1481
-5007
4138
1402
5893
652
3098
5013
4941
-5521
-1496
-4494
7109
-6012
288
6735
-5212
-586
-7402
-8655
-5499
-6571
-3896
8130
-113
2283
-5371
-6696
2633
9604
7312
8453
-4117
1952
-6530
1584
5986
-3321
402
3098
-216
-5242
-5487
7613
-1861
-3368
3470
-6189
7113
6500
-281
-4255
-6387
8079
3750
-1948
8889
6008
-8485
-6390
-3977
-205
-7620
5337
-2834
51
9622
-4843
-9482
8703
-9251
8109
9011
-501
1561
9743
8916
-1510
-9
-6745
8812
-9181
-3809
6132
-114
1568
4840
-2197
8202
5417
2695
9978
-4836
-3208
-2925
9989
-7622
-824
448
8088
-2990
-1687
-6706
8409
5752
1610
-3267
4114
-3481
4007
-864
399
-3983
8260
-5203
-4795
-6396
-3752
-4548
5598
5210
1820
-3045
-4900
-3991
-9229
2945
2220
-7576
1571
7365
-260
8042
1903
6245
499
7524
-2218
-9620
8276
-5165
-9273
-8716
-5805
-3718
-7704
3961
-3096
-8005
-8129
6385
6130
-6275
4849
-7121
5189
-8641
8193
2400
4982
8664
4513
1690
4947
6641
9395
2357
4114
-7985
4298
-2320
5822
-4132
-2824
764
4483
537
-7240
8818
-6286
-3191
-3958
225
-9447
5186
-8764
-3984
-6807
-976
-8943
-859
9330
5382
-4602
9611
321
-964
-3664
-2446
-3114
-62
9846
-5110
-2303
4190
-9436
262
6548
-5914
-1605
-5347
8599
9375
-1314
-1827
2623
-5711
1137
9761
5406
3380
-836
-4910
-9041
-4843
-1651
-9559
-9530
-2436
-9556
-4552
-5799
5206
1932
3775
-3037
-8848
-7472
-3637
4622
973
-533
9107
-9370
6403
542
9955
-3304
7225
-3011
-3968
7898
-3426
2147
3505
-9225
4756
-6069
-7459
-4159
-9876
-207
-1015
-6357
-7052
-9547
-6607
-2557
4910
-8789
1471
-8238
-5225
-4861
-5566
-6087
57
-5539
-5445
4615
-1606
3744
-6755
-9424
4411
-2451
7626
-6941
8426
3001
2206
7220
9986
-9478
4499
-8819
-9517
5465
7682
5951
-2851
2512
1785
6015
5517
-5730
3124
-8564
-2286
-407
718
296
9375
-2075
7447
-3621
-3451
-1591
-769
5399
-7174
-9666
-984
-8090
-996
4250
-8225
-5747
640
-6746
-6569
4591
-3221
-1396
-2534
5882
-8041
-2771
-4941
142
4424
6191
5345
-1166
-7716
-8089
7845
2061
-6925
-1880
4632
2073
-3765
-7716
3126
-3185
-6504
-124
-2988
-8733
-7504
-1129
796
-5540
-3837
6126
-6483
772
-9540
-8434
-5580
9319
-6649
9089
-9025
-3366
-5011
-9817
9625
-2907
6405
-287
-8821
-7480
-1378
1357
-1643
-5505
5478
-9348
2386
2083
-9782
-6208
-2353
-4447
-4604
885
-7328
-3842
8393
-2927
1602
-8490
-6300
5312
-1278
-2855
-8691
-3508
-8173
-6686
250
9918
-5138
2782
-2307
-1724
5838
4805
-2231
9022
5294
9807
-821
2337
9101
9559
1443
5421
-8761
4103
7510
3468
-1300
-667
8111
9669
8819
3309
-7365
-8788
-6813
-1014
8824
-927
-8166
-9700
8930
4864
7860
7119
5047
-2134
8388
9371
1779
1794
2330
1363
6211
-837
5702
-4112
-4746
-2276
-4197
6781
1218
5529
4670
-1977
-543
-7470
2171
-3443
5836
-3692
-9016
-9893
503
8802
-9370
6578
7560
-5881
9056
-355
5079
-672
7553
-3683
-2661
-2544
7098
3472
-4491
7298
-6267
1101
-6730
-4947
-919
-6599
-9805
-162
-2337
2517
5695
1832
-6464
-4528
811
2223
-9139
7408
-1466
9124
-1673
-8864
-1332
6157
-8298
-8109
7975
-1646
-9316
-7999
-4568
8699
-8952
8537
-7425
-117
6836
-4549
-279
7228
6384
-2277
6455
-3461
3950
-6752
-4207
2082
5505
5116
-3404
9689
-5062
-3615
-1029
-7402
-7567
-2888
-6649
-2809
-4574
1840
-846
-4338
-2915
6996
784
-5001
-7103
-9071
5386
5410
-2312
1305
-7259
-9395
-5320
-7871
-7792
8454
6098
-4106
2848
-4432
5405
-4257
3761
4663
-434
9977
-2550
-275
-7900
-7469
1803
-5456
8568
794
9453
6953
2463
-9205
-815
4577
9729
1186
2001
3632
-6356
-1633
7918
-9695
-5096
-5104
1093
9531
8992
-6414
257
-8657
-6764
6121
5432
-7080
3478
-4338
3310
-4843
9502
8197
-7964
3885
-7325
-4745
-4008
5303
6709
8270
-4161
-5780
3741
-9871
1019
-8800
-7941
-2854
-5179
7203
1438
2271
-4448
4982
-9462
8110
3718
6341
-4638
-3735
-8900
4067
7875
-3155
4130
-4553
-3669
-5967
7629
9649
8904
5789
-7178
-9278
7747
-3963
-2398
-6893
-4898
4232
-9139
-3667
-9158
6106
3719
-2768
2645
-2946
3348
-5435
1536
-350
-58
445
7171
1771
-3656
-3103
-4001
-4427
4869
8026
-483
-4829
8298
5648
-551
-5169
7235
4500
509
612
1240
1129
-4596
4766
3226
-8230
3125
-3102
2801
9277
684
3065
-1886
-745
-4153
2377
-6450
-4024
9693
-9294
7108
9529
9363
-7165
6815
5670
7807
8070
7782
-2185
-182
8848
4055
-9075
8409
8812
-4959
-7595
8545
-5425
3771
9100
2771
5592
-2658
6452
7057
-956
-199
7071
-8719
1259
4807
-197
3503
1710
1766
-7431
7950
7555
-6037
5054
-884
-5014
-541
1836
9009
-2810
846
-2965
-2664
-8855
-2570
5119
-3066
8007
-3242
-6228
5492
-9636
8613
-1236
-1731
-9289
-3465
8558
-5959
-5748
-2579
-3300
-2954
-7527
-5545
-9009
-9388
8716
-15
-2215
-3867
5506
7442
-132
8198
-7233
-264
-9864
-6170
9688
-7130
5496
-5048
-2005
-2923
7587
8941
5198
-3215
-1595
8451
900
-2205
4757
9768
-5854
9988
-5136
6690
-3560
4507
-1783
-1977
8973
7638
9986
-7078
-1254
566
-4497
975
-3601
4729
-5647
-8617
1925
-8252
9051
5396
-3132
-7951
-4586
1932
-8420
-666
5233
-2289
-7315
99
4052
-7222
-5128
-6555
7389
-4818
4652
-2526
-4021
357
-2910
4666
195
-5367
-8717
7430
2052
6170
-6558
3375
-2156
-7601
-9062
-532
-177
-5609
-907
6285
-3557
-360
-7594
2275
-9763
8647
6513
-7274
-3896
-7046
7340
9171
-3269
-5548
5768
-1305
-1694
2202
1853
-9219
649
-5850
7281
9062
-5730
-690
-7745
1653
-8160
5403
3622
2998
6088
8366
-8969
6339
-2049
4815
4429
1548
-1881
8557
1326
-901
8830
-5730
-3355
-6607
-3370
2243
-8837
7621
2537
-1687
-4364
-7706
2359
-6657
-1994
926
6392
-5139
-9114
700
-668
-5658
-6916
-1636
-6579
9429
-9256
3491
7772
-9694
2661
2092
2823
-1818
-9768
9999
-7334
8862
-4977
-403
4241
6000
-9538
-2225
2730
8737
-6019
-5392
-3190
-6496
5155
-6741
7671
-9373
9766
4489
-8813
8280
9971
-2799
1500
-2329
9849
2232
5651
3544
-530
-5823
-6888
-1994
-1739
7530
9837
1289
6458
3331
-6119
5309
5633
-5316
5448
6135
-3318
4268
-4850
-598
4420
2196
-1585
-4257
8813
-5615
8890
7822
8097
-3430
6151
-1771
2123
9186
-733
9804
-8503
8803
5243
7625
-6578
-3617
-5831
-3564
609
-4123
-7352
5288
1752
5364
-9010
-4419
-2917
-3750
9123
7274
5761
7368
-808
-6124
8640
-7985
3192
-112
7180
5651
-6814
6446
5417
5644
4638
-2122
9025
-2476
-4019
-1962
-1972
-8020
5134
2936
-8262
-6398
-3930
-7267
-4419
570
-8853
-4126
-9936
1993
-5957
-5872
-389
1367
8985
-8593
3191
4280
-745
4957
-7308
-3799
9870
6108
-9274
3112
-3444
9558
-9731
1085
-754
3781
-7765
6256
-7861
5038
5945
459
-5692
-3389
4505
7312
6383
-6575
1601
510
8266
-2342
-1461
-5426
4846
3748
2725
-9823
245
5536
-6268
-39
-7993
2468
-5986
-8411
-4395
-1022
-7253
262
-8106
3355
-771
-6053
-4539
-7268
-28
-7356
-9547
-4621
-182
6446
-5493
216
4845
8897
1019
5694
6238
5497
-8943
-7941
-3989
-3398
1307
-4016
-1547
1839
-7403
2916
1707
-2595
-9322
-8660
-1383
-5088
8429
-5408
9112
2115
-6224
81
9723
-5134
-4281
-2715
-4545
1791
7623
-4884
569
-90
2740
-2750
-795
9835
-2656
-7373
2640
9477
4279
8132
-9953
-2464
3672
-7586
5768
-6833
-8401
-66
-9531
-3573
6581
-5876
1721
975
-7665
-8855
-9116
-5978
-9470
6661
4216
7481
-7652
-8203
4664
3428
2135
-1218
7567
5802
1951
9635
7835
-4356
34
2187
1194
-6695
1517
-7712
192
-2310
-5352
-5858
3328
-1384
5528
8230
7500
-3800
-8256
-1381
8948
7617
-6083
-7434
-4811
1875
-2251
-7659
1032
2817
2366
-5334
4475
6946
-3711
-3922
-9059
147
-50
7578
2504
8241
-3530
-3473
2833
8205
-1532
-3951
7900
3905
1281
1368
4059
-6667
-9312
-9782
-8273
-2531
-3001
9319
5555
-823
1256
7375
5323
9981
-334
6382
-7672
-550
7289
-2647
6249
-5835
6114
-9293
1148
7390
-267
-3017
-6593
-8299
-5560
7127
-8464
-9001
607
1143
6258
-3929
-5649
3472
-6851
631
-7976
-6672
-3014
-906
1203
2852
-1461
2086
-6279
-1550
6616
-6071
5119
-106
-2782
9981
-930
-5663
7736
-9984
5913
3855
-5263
4128
5840
4325
-625
8523
-9875
6257
-4901
-6183
-5795
-4382
-7858
2787
3721
-7945
-3813
6880
8443
1320
7980
5990
-9488
7607
-4120
-9287
-6074
6277
7001
-9985
5736
-6867
4718
-1832
8591
2857
3253
6878
-6522
16
1962
-2536
-6649
2799
9723
-499
-2247
4431
-3740
-2985
8149
-9144
-8427
-5407
5874
-1254
3617
8233
-1554
-1338
4597
-6153
9256
-4916
-1920
-8927
900
3973
4195
-9135
-1199
-691
3403
-1572
9358
517
2639
-2288
7883
6378
2960
-505
17
-14
-8134
4881
-8440
125
2293
-154
9240
5019
-1567
4815
5419
-1885
-1793
8266
-5280
8650
8600
3780
-9764
-4604
8213
-1160
-2548
3145
-4766
-4642
6107
-4095
-9650
2067
5701
-4897
3829
-730
-6781
3198
9512
-9224
-8320
-5650
-8376
3781
-9123
8588
3008
1244
-7690
4372
-7007
9233
7778
9180
-741
-5378
1772
3025
-2570
-1585
-5109
-3064
3739
3335
4670
6365
9113
316
4285
8936
5048
1521
9137
7825
2100
5886
-6228
-5568
-2036
-1136
-9863
3990
-6951
-8265
-7087
-8883
4289
6521
5843
-792
7498
193
-4231
1097
5884
4744
611
-1711
9111
-5489
9474
-7307
6958
-6627
9324
1472
-9904
9952
-2920
3372
-9150
-2659
-4938
8566
-1721
901
-6113
2004
423
3553
-7923
-7408
4473
-4923
-8561
-5144
-4248
-1960
-8058
7356
-4724
5483
-4680
-6547
-611
7444
7031
9675
-7589
1440
-8979
4336
-558
-7529
-1641
157
-4869
-2797
-7181
-5017
857
8606
7866
-4441
-7565
6882
-1781
1881
-8065
4469
-4280
2055
8011
-277
-1903
-4633
-7979
-8390
-823
835
3870
-5788
-406
8982
2532
-2260
3150
2002
6718
1281
9724
8549
-4778
6958
-3500
-3331
7616
9761
-8981
2507
-775
-4850
7741
-2058
-4279
-1034
6325
9719
4374
-7008
-1863
-6478
8025
1983
1113
-3354
-988
8883
3026
4694
-6267
6216
5163
653
4744
-2829
-3166
-8947
-6776
-8572
-2250
-7740
-9409
6670
-8389
-1280
-3530
-8347
3262
-6433
1415
3431
7628
3726
-6855
6203
-9475
3238
-4154
9853
7656
8732
-3265
-3675
-1226
3008
-13
-2911
3197
8549
-7868
5272
6495
2946
5242
-4122
-7069
-8645
373
-7607
-9824
-2640
-4378
-540
-6721
302
8587
-8563
-2492
8541
-3353
3595
5207
-6630
-6229
-983
5524
4266
-2104
-1398
8733
9381
-1544
4712
-8564
6142
6935
-5317
8484
7267
3272
9169
-7134
-6547
9678
297
3111
7275
-6954
8472
4421
-1450
9580
4655
1903
-1464
-9934
3125
-825
-3775
353
-1335
3459
-8228
-6340
-9205
8904
909
-1975
-2863
3366
3905
-7047
241
-4730
-2522
730
1754
-6308
3474
5905
8249
1220
-577
4181
184
9800
3800
-7190
2899
6076
-6189
5507
2259
-3086
-5393
-4290
-8905
9792
8884
1393
-7797
-749
5909
-4893
-9484
-4403
-660
-614
-5574
7806
-1688
-566
5701
319
2104
7445
-5964
-2410
3476
-9006
-4895
-1900
5126
1060
-444
8397
694
-6672
-9337
-8232
-365
1961
-5192
-7918
3703
-1001
5311
-5683
3665
-5413
461
-5586
8383
5092
-2235
4376
9806
-8060
4809
-2838
-8326
3504
-3683
7890
-3712
4102
4124
-5151
5550
-7881
4902
-3988
-1277
-7342
-1829
6350
-5373
3620
6615
-6894
-7866
9719
3925
-1111
533
-9309
-284
-9966
-6704
5179
8591
-1245
-1481
3501
-9906
6131
-4355
-3083
5793
9601
4874
463
-1234
1547
-315
-5551
5691
5726
-3078
1414
-250
-3814
-4676
1703
-4972
-8045
9579
7427
-2642
-4402
-5613
4091
-8447
-9628
-6473
-3853
7493
5221
-7435
2039
705
7709
7827
7014
-1768
1671
953
-7622
9204
-3915
-5001
3990
3112
1881
-4570
2406
-6568
6815
-1526
8138
6552
-1782
9559
195
5215
-9217
-1090
-1605
-1980
-6462
-3045
-9530
3161
4882
-9290
2040
-1641
-1691
-6528
3356
1002
7201
8223
-8727
-9401
396
-9020
-329
4941
1121
-7284
-9321
-3253
-5574
5487
-7512
8150
-2368
-8200
-2551
-7238
-7441
4357
5666
9129
-5470
-9171
8229
1172
3389
-5952
5122
3344
5118
-2863
9351
-5
8286
-403
-5181
9803
9238
3453
6899
-9178
-3723
3722
-1264
9394
8222
3890
-9273
-3490
6022
594
-1557
-7156
-7443
-7856
6069
-432
-7250
8499
-8448
-2926
-2406
-2665
1629
7288
6136
2492
9863
8035
6981
-2354
-6477
-895
7458
4845
2853
807
2093
8835
2950
9499
-6679
-1388
7321
-5476
8693
6508
-2562
6143
3527
5250
7053
-9260
1901
-174
3227
8941
-7906
1447
-6741
-4270
4026
-7309
-471
-1624
-2928
9338
-4615
-2288
-710
-4738
7475
-6085
-4450
-7947
-6247
8981
13
-2894
8594
9628
-4945
-6279
-5492
-8269
593
-7217
7203
-2367
-8382
3911
-1287
-9354
5576
-2780
-4526
-9369
9083
-1054
7451
9355
1123
9726
-3147
-1735
7775
3139
5190
-151
-3926
4246
-1071
4988
2852
-6369
-9324
305
8182
-2202
7783
-5711
-7865
7752
-3905
5379
6549
6829
-1662
8329
6578
-6878
9898
-8932
-346
9239
-1495
-4671
6868
6243
-6045
7454
-2407
-2645
-8441
-2628
-5017
3725
-2207
1946
-3455
5168
-7552
1285
1163
3163
7221
3370
3631
1473
1716
-9053
-5199
6861
3270
-7048
4347
-2138
-4665
3613
5125
5347
3436
-8060
-6156
-9671
6696
4780
6193
8723
397
-7176
-964
6391
1784
-8589
-9325
-1387
-95
6490
-7982
5135
1697
-4605
-5473
-6991
2653
731
4084
8607
3024
7121
-1609
4180
6821
1198
-8268
-9491
-2558
834
6466
-7559
7176
4908
-8923
-1107
1910
-1591
-4922
1860
-7723
-4265
7956
-1156
1595
9989
-6350
-1959
7412
-9165
-2325
-4035
-9303
7585
-4301
3276
4433
4856
9570
-9414
9678
-9834
-8829
9070
-9975
9576
7958
6788
-5681
5634
1098
-5756
-4346
-7776
6331
-2710
9164
9546
-7415
6831
-2452
3690
-6904
-3392
-6841
502
-8255
9590
-790
-2199
4460
7054
-1161
-5508
2182
-7889
-5436
8886
-1180
2018
-7969
-3138
-6277
-8221
-264
-6568
-9688
8472
-8745
8409
4111
4886
2271
-7261
3037
-4012
7070
4563
5912
-478
7832
8368
-2421
6518
-8825
4044
5405
-8838
41
4220
-7273
-9721
727
566
4800
-9313
-32
-8683
6871
9727
190
-6727
8335
800
3689
9573
-5217
-3899
1455
-3805
-4959
0
-7026
9297
4186
-6337
9283
-2795
-9395
5691
-1974
9149
-1569
-2965
5683
3833
-5841
-8294
-2062
2351
6019
5754
7692
6184
9331
4559
-9967
6778
-7171
-8399
-738
-695
-293
-6153
-820
2726
7304
1429
6379
1137
-8597
-7236
-9288
-8820
1701
1041
4841
1301
5117
9855
5415
-6923
8162
9103
175
-713
2307
-3211
9965
9626
-6369
-7494
-5624
9004
-3570
8721
-558
-5415
7855
-7043
6529
2730
-4674
6800
949
3256
5042
6513
-5516
-1709
9718
-1269
-8339
-7027
-3815
-3815
1142
604
3671
9893
-9581
515
1464
6753
-2493
8896
8387
-8293
4749
2980
-8400
256
3445
2160
-6673
-7314
7751
-8638
-1845
6919
4244
5794
-7694
1675
9908
4900
-9155
-8597
2819
-9755
-2421
8838
914
7962
-7461
-3986
-8734
-1427
-706
2052
4869
3335
-8236
1503
-3309
-538
5285
-499
9645
-6500
-1566
-219
-7551
6752
-4351
-5376
-1791
9788
6844
2607
8052
6984
-1112
4505
-4599
-7238
9342
5483
-378
7313
-8580
-821
2068
6102
-7950
-9090
4031
803
-5016
446
9614
1344
-8242
-681
1811
7798
6389
4161
2314
7914
7804
-8523
1728
6687
4000
7884
-5552
-2742
-3898
-6070
120
9802
9879
-7667
-7919
9255
7713
-3653
4702
-5260
592
7406
4805
-3601
2993
-3291
5227
9568
-7306
-2397
-3627
-4819
-6830
1707
9508
9942
7450
5380
-7897
-5834
6462
-3227
-5299
-8946
-9673
9811
1464
9424
-2761
2556
-9914
42
9459
-2426
-2678
-9602
-3328
-4671
-6305
-2708
-7342
-5121
-5435
8499
7557
-5061
6633
-1828
-7176
-7862
-8195
-7667
-5755
537
-1722
-6181
2706
3751
-3927
3181
5244
5802
2329
137
-2482
6330
-4279
5595
-5614
9111
3271
2121
1686
4810
-8492
1583
-7791
-3798
-6503
5387
-6821
-6707
6601
-4899
752
7752
-4202
-1077
9296
-6497
-2308
2920
9256
513
2048
-3144
2550
4428
981
-8772
9217
-8962
-6214
-6287
-1133
-317
647
-566
-971
6694
-8389
-3495
255
685
3
1951
9201
-2771
9384
-235
532
6798
6298
-9117
1419
-9649
2865
-8827
-7237
4652
9033
-2220
5220
-7731
6170
-7859
9506
2888
6234
-8931
-2894
6364
9893
-7398
-8108
-8812
-7334
-1429
-9489
-9903
-2346
-4679
5043
-8784
695
-7580
-5260
-7096
2293
-1484
6818
-526
-3329
4377
7661
3831
1284
-2014
4515
-2138
2444
-3687
994
8316
-7340
4168
6904
3696
8991
232
7685
-5706
-9338
-7333
-3002
3712
2736
4004
1574
3751
7401
6603
-9404
-2281
-5749
7631
-307
-4483
-5060
-1939
-97
4680
4056
2648
-2348
-8658
4327
6727
8556
6527
-4485
1043
-6088
-7939
830
2525
-1187
-5995
-2621
-6050
-8905
7280
6412
-9236
461
5840
-4282
-6724
4066
-4971
-5525
1388
-1244
930
-9670
-6994
237
-1986
5014
-4343
9385
6009
5447
5046
-1764
-3641
2692
8534
6888
1725
-1181
-4311
8137
-9009
-3034
2622
8267
3293
-7812
1812
5623
1051
-7339
3528
2053
4127
-7713
2982
-8268
-2175
-7712
-9200
-1010
-8277
-5435
-4915
-8167
-8634
2527
-5897
-6851
-2817
-3612
-7659
6209
8785
3250
-2234
-6036
-2293
-5262
6944
-4174
-6798
33
-1665
3348
-8080
-7006
4109
-5928
9709
6803
-937
-562
-1980
6699
6414
6426
-8118
790
6902
-9234
8084
-1337
-1560
-5337
-9679
7318
3267
-9123
4520
-982
4024
-6913
-4656
4973
-4212
1689
6229
1736
9913
8372
8418
-9969
-6561
380
7324
2903
-1810
-7913
6835
1339
-7917
6917
-2164
6179
-2259
4539
-8407
-6328
3028
-5399
-274
3232
-449
692
-7221
-4023
-5905
3047
911
-5275
-9803
145
877
8530
-7653
8054
-4775
8059
-2661
-2582
-871
1181
-5958
-6818
-3065
7106
5251
-835
-2768
1249
97
2558
8708
5312
-1354
-4813
479
2747
-2398
1348
-1191
5142
1175
2110
1143
1937
-3959
-695
3832
-313
-685
-6467
6333
-4389
5472
8544
-810
-3630
-6242
-4327
725
4929
-4185
9661
4628
-2361
1437
5564
-116
7159
-2425
2478
458
5990
8608
3986
-9994
1931
2038
4997
1065
-4054
5332
7544
-8065
-3436
6225
3097
9840
101
5996
-5891
-1011
-8070
-9377
3879
-672
1514
7482
-6495
-9499
477
9421
6673
-7887
6837
3075
-9657
-2998
-8514
8539
7259
4332
-1240
4607
-5221
9597
-1729
7727
-1935
1413
8340
5724
9783
-8837
-6534
-6511
-1471
5367
-5270
-5341
-1508
4449
-1466
4497
-9411
-3475
8658
5432
-4902
3489
5882
-3904
8354
1562
8737
-223
-9770
-2678
5844
4281
-8943
3786
-583
2091
-7839
4752
9637
5510
8646
3348
-5454
-5025
-7728
6827
47
-7189
-4202
4262
4018
8253
-9061
2839
2629
4576
5531
2244
7370
-1779
-7574
3688
-6741
-8793
9523
449
-6398
4705
-4968
6442
2337
-4163
-3113
-6851
6785
1749
-1057
907
-6176
-8472
-8485
5926
-6021
-4032
3303
7590
3342
-1782
-8842
4841
6560
-84
7382
1417
3084
-5041
90
-6661
-4549
1823
3225
5342
7779
-644
-8074
-1818
1366
7790
6053
-9119
-4367
-5376
-1579
5842
-3293
-3500
-291
7291
-2096
-8066
7106
5384
3548
190
9882
-7578
-1546
5470
64
1827
-8341
-4396
-4543
2000
-1697
-3827
8147
4623
-5958
-4879
-3776
5551
2165
-9723
-792
1937
-8505
-8460
-5290
-3415
5249
2799
5435
-6482
4716
7841
-8206
-2411
-527
9503
9728
5896
-2273
-5773
9221
-9970
9167
6420
-2460
-9465
-1647
5086
3249
-7217
5710
-8445
-6780
3271
-9017
-2054
-9072
-3086
761
-6521
6578
-1140
168
-8061
7284
462
-5621
558
-4850
-5461
-4607
328
-2175
-2062
-8944
-821
2769
-4926
4000
-5824
8232
-9836
9549
2653
-2192
3162
4622
-1477
-3393
-8472
8576
2814
-4865
-5752
-2351
361
-139
7228
9136
7078
6156
7794
-64
-1289
7389
-4618
3729
5281
2216
1803
5176
5853
2914
-3415
-4754
6414
-689
7515
4131
-5878
5840
5855
-6049
-6377
-4038
2579
-4807
-6423
-9710
694
9317
5541
-4062
6922
-1980
-9562
228
839
5264
-7574
9432
9340
6307
4803
-3648
-7276
9900
8550
9001
1234
-8949
2346
-6902
5014
-8761
-9699
3843
-3687
-7251
-5189
-9810
153
4992
-8478
2485
9634
-85
5991
8565
-5191
-3813
8471
-7749
1705
-5310
6499
9548
-852
7270
-6761
2679
-3357
-5424
-945
-356
-3028
2444
923
5684
-2281
-3406
-6085
-1909
454
-7763
-720
-5651
4785
-7682
-3283
2808
-6091
9984
4193
-4952
-7421
95
1392
324
-5261
-9248
-5304
-958
9510
2132
3546
-4423
-4063
1877
-4486
-2809
8992
-9692
846
8214
-7727
381
1797
-531
5410
2150
-5237
-3170
554
430
-1230
-3342
382
-5992
-2935
6876
-8947
-9401
945
-3032
-8101
4872
-1420
8321
-1310
-6297
8412
-7091
6804
9526
3816
-6398
-862
5979
-7225
2198
8297
-8076
4914
2588
5988
7866
8488
-920
-6638
-3112
5195
-8071
-5188
-1363
-3861
8393
-638
-6121
6315
-2600
-8199
3475
-9221
1708
3738
-8145
25
1027
6614
-4831
7519
4402
-8767
4867
8579
9129
-4315
8357
980
-5968
6383
9500
4960
-8198
-1493
6483
8096
-1832
3388
5423
4239
-4740
9663
5375
397
-5178
-8855
-6793
8849
4133
-2158
-2538
2466
8192
-632
-9206
-9304
-55
58
-2990
2709
1005
2899
2284
1017
-7699
8515
8976
-6799
7255
-6242
-8142
7639
-8809
929
2260
4738
-4142
-5530
3757
7984
-7521
9507
6846
6190
-1078
-2965
6767
2434
-2286
5787
-1848
8109
-3621
-7285
-6765
2361
-2620
-5642
-1903
-3693
-7831
-9994
-8405
375
-4015
-177
1275
-2736
7108
-3945
4837
-4525
6301
-975
230
1497
6052
6093
-7904
5265
-8251
-3457
5487
-8532
5606
-6252
1260
8476
-2305
9898
-2642
-8500
6373
-2550
5815
-7527
7912
-3529
206
9098
5759
-496
5325
-8341
-9049
-7322
-8191
7353
2484
1737
6308
1286
-7737
2831
-5441
5626
-5481
-9872
4769
-7763
8562
2798
9568
7209
8696
3337
-899
-1149
3210
-2242
3584
-418
-4112
-7003
9506
2244
1217
3828
-9482
2928
-8061
3907
-4007
5957
-6410
6072
9237
-6458
-7108
-9810
7954
7785
1702
-2031
-9464
-7038
-65
8115
-7038
-2387
3576
2958
-5856
-5273
8152
-3273
-4601
9266
3325
2314
-5591
690
9610
-8159
-9702
-5344
-3194
-6389
3620
-7375
4100
-4441
-4040
3020
-197
5799
7879
7918
-7539
6545
-7691
3102
867
2904
9352
-1019
-237
-8733
7805
6862
673
9970
217
578
5780
-2735
8174
-139
-2329
5880
6155
-3675
-5504
-9663
3512
-1982
-3002
1123
4923
-7646
-1152
-2520
6806
6780
5
1307
9823
-3294
-7511
1317
4892
-4460
-4194
6757
1951
4130
5342
5382
7240
-7461
7624
-1982
248
-3419
-9610
5984
-1393
530
9392
1335
-8017
8640
-3657
5452
-1985
-6806
-6835
3436
-9427
-5526
-2558
1469
-2627
6354
-9012
616
-9480
-2261
-1615
9381
2675
1616
3883
2385
-5271
-9170
7232
226
6391
4021
-7300
-707
-2686
1154
-666
6252
9196
354
-1258
-1242
966
-8094
4809
2766
5097
-3844
-9354
3893
-4407
-227
5465
-9132
-7855
-9989
8659
366
-5242
3958
723
-2814
-4038
2939
7045
-3448
-8226
8148
-5845
6219
-2979
-5264
1420
166
8996
9627
-1584
770
6807
-8883
7288
8573
-9815
-6661
-5367
-3382
8555
-8167
-2851
-2697
2494
8967
1494
-4762
9630
-8444
-7203
8027
-5140
-1742
992
6948
-7999
-5574
-3127
-9142
8352
-4700
-8128
-7483
1594
-2110
3559
-6359
6670
2150
-2998
-7377
-1694
427
-2004
9941
999
6851
-6275
-1947
3241
-3818
535
7441
6831
389
-4090
-1450
125
-9660
6572
5758
6466
-6224
-1734
3256
9961
-5368
5709
-5395
-4591
-2147
-1432
-2520
4554
-9826
-279
4433
-9738
1050
-4051
-4851
-9298
8819
-2384
2170
4764
-5570
-4314
-8794
-8020
-4991
3515
6331
5578
1243
-3843
-5469
-7838
4739
9980
-3632
-8857
9119
-7355
-4611
7614
-6944
-7113
6657
-9331
1477
-1711
9075
4390
1423
5057
7646
6159
6095
8492
5531
8946
4503
-7374
-9600
4338
2236
1902
-6688
4017
-4810
2271
-4478
1069
9581
-5994
-8418
6175
-7772
4556
1708
-8456
-972
-9462
503
6720
4440
-8059
-5845
6185
-1490
-1628
-3933
6247
-5550
-2578
-3361
6494
-7754
1050
-4622
1153
9575
-7359
5478
9205
-7233
-1993
4808
-2583
3476
-8528
3932
-8460
-3216
3987
-82
3966
2123
-6321
9897
295
-2252
-2874
-4493
6818
-3795
-725
-3381
2160
7367
-4912
3929
1177
-822
-9444
-8031
-3613
-4941
1297
3954
-3567
-2867
6737
-7290
-2961
4439
-5472
-537
463
7503
2672
-5628
8567
1152
5082
-6594
2449
7134
8660
3001
3492
-8611
-7351
50
-1612
-2458
-7244
2361
-3771
2018
-6469
-1092
-9173
-276
3465
-6837
1010
-5584
8468
-7621
-8322
9811
6155
4657
-5305
-9283
5362
-9975
4095
7149
-481
-747
-3601
8295
-9538
-4955
-5516
-3312
4321
9496
1684
2166
-6765
8444
3972
-6235
-6455
-1157
7687
1920
2396
-1966
8666
6281
1324
3681
-4767
-2009
-4644
-2328
2180
-7269
8266
-921
-7500
4278
-7491
-7469
-737
-1580
8678
-5677
94
8971
695
-488
6576
7711
-9315
-9070
7171
-3481
-7663
-7824
-5246
-8514
587
118
-3028
-3219
9812
6493
-8668
-3350
-2684
-1047
3899
4155
5945
9694
-8744
-8985
9579
-732
3241
-1927
7939
9694
-4414
-8187
7104
-2478
-2694
-5574
501
-4339
-9605
6091
-5674
-8985
-6309
2391
5559
-7517
-1392
-7814
-7009
-6555
1655
-8258
5612
-7578
-8234
-9009
9673
6157
-3061
3069
-1066
6680
-6454
893
-5468
-4840
-324
2291
-813
6905
6148
-8344
-1441
7807
-170
4931
6003
-1136
-4545
7097
-9339
1055
-4917
4495
-1961
-6155
-3800
4683
-4244
-3685
-5248
4344
8721
-2675
-2843
-2354
7468
2798
-2140
400
2806
6316
2999
-3914
-2704
0
3182
7804
2591
-3165
-5012
810
702
-158
2408
7878
1598
-950
-7146
-9313
8959
4993
-3464
-7128
2153
-8195
-7066
-8765
651
-7816
7462
-6795
-8995
5055
-5709
-5656
8056
8996
-2800
8038
663
-1605
-7908
8920
-8672
3942
-6358
-1120
4916
-721
6048
-1581
-56
-2827
1440
7813
-219
127
3932
-4509
-2933
1948
-2846
408
-627
-8216
-195
5646
-4449
-1935
9822
2601
-8149
-5185
24
565
2901
-2385
-8455
8210
8162
4053
-3682
-8628
-3864
-956
3260
3832
-6385
-3522
4563
-2071
-4935
-8291
972
8714
-8759
1684
-452
9544
-5862
-2004
-6670
-3148
-544
-6553
-3431
-4870
7148
-9124
-5087
-7834
-1417
5721
-2671
3014
-4370
-4218
-5728
-9670
-1477
5973
2031
9073
3502
1893
-2464
-9858
3843
1309
-676
-8783
8067
-7999
4073
167
724
9465
1916
-7311
-7525
-1869
6683
-7260
-8435
2397
9345
-657
4379
7958
3084
5459
-2587
-781
1021
-1836
5964
-5744
3350
7562
5910
-3573
1286
-4160
1552
-6304
-5901
-3417
-8351
7162
-7710
-3835
3866
-8417
7854
-9608
9290
-708
7508
-8895
2547
8193
-4238
5885
8224
3865
3804
-1152
979
-4091
4203
-3532
-3884
4353
-3222
6048
6844
843
1188
7869
-1702
2763
-2306
7217
5668
-3080
-8407
-4170
1365
629
-1126
-3328
-3252
2245
-4984
7717
-9335
5401
-2385
7687
-109
5251
5603
5740
-7041
5822
-9951
9513
4804
-8193
-6452
-1553
8103
9639
2806
9784
499
-1455
-9782
1305
2272
-2025
7483
-9650
7034
-2469
9719
3870
-662
-939
5383
-8556
-6771
3501
-2022
3047
7159
1954
4258
9846
-3129
-7920
1026
-441
-2918
-9572
-1432
-2891
9438
-4769
-2782
2120
5183
6310
-4585
-8083
7767
5253
8705
5428
6102
-3821
175
-4257
-3577
-7896
-4782
-5397
1661
9759
-7375
8544
4286
-9628
-5566
192
6948
-2075
3268
6607
8962
2611
4431
-5893
-8157
-6736
-3739
-3081
-1914
-3938
5279
-8094
3249
8830
-6256
-9307
1904
-4717
-6864
-5021
5209
-6034
5448
9679
-7393
-1327
7833
4812
1877
5223
-5032
-157
-8014
-7902
6465
-6508
1748
-3931
-6100
-6840
5842
8299
6516
-4401
-5520
-9281
-4705
5456
6627
-6259
8287
1666
-5211
-1711
-8601
4997
7163
4752
-8499
3169
-4570
1448
5041
2863
-8906
-4563
9920
1152
-7635
-9747
-1055
-4164
-8617
9976
-864
6909
-2550
-151
5199
-8112
-6621
-7622
8185
-1864
6935
3302
-4946
3697
-9301
-8531
-3672
6996
-5431
730
7730
-5605
-6742
-6347
-5494
9043
-9201
4143
3091
6375
4796
2452
283
-5187
9153
-5511
-2452
-2686
9552
9612
-209
-6948
3263
-3094
5928
-2209
-9617
-3776
454
-9103
3924
1949
-8733
652
-7753
-5259
3651
-6203
-4656
6155
-8910
-765
-713
-8189
3340
-5517
-6980
-9758
4543
6209
3921
9014
7443
-5044
-9060
4678
1132
6352
-2275
6714
8661
4575
-6310
2195
-7549
-7152
1185
9630
-7433
4412
838
-6249
-8029
-6603
8523
-9444
3765
1452
3566
1446
-5228
-9858
1680
4244
-3025
4910
4505
6310
-287
-2432
3609
7299
6072
-1371
7493
-3486
-4454
7091
9359
493
3297
-6611
7674
-9868
-4628
170
7044
4046
-3567
-9616
-9087
9679
-7213
6279
1943
8520
-7104
-555
-4780
-2459
-1658
4875
-82
4998
-9197
3538
-2321
3341
-4096
2009
5010
6673
2093
-6926
8148
-8617
-7533
1548
-1128
6805
7865
-9540
-122
-670
-3344
3929
4513
9792
6686
8973
-6381
6101
1872
1819
-7849
8422
3471
-7323
9328
1833
-7508
-6297
-1857
4424
-4627
-5761
-2413
9713
8130
560
6054
1347
-9427
-1585
-325
-2118
-5002
-9412
-1657
-3126
9025
-2114
6654
-3070
-1610
8909
-5198
-9726
-9077
9726
-2088
9790
2219
7039
4313
4163
2316
5453
-6043
-7583
-3658
4800
-8338
-3873
-7080
2272
5528
-6542
-7855
4269
3425
2883
4333
2455
2808
4605
-2951
-8787
-3966
-3536
9437
-2686
8791
8404
-7352
6263
9128
-6466
4101
5512
5566
-456
6631
-4074
-9468
-5774
-3776
528
-5989
6118
-6619
-8656
8128
-3346
-3699
5029
-4543
9763
-5768
9708
-2885
1104
-581
7492
-7021
9028
6009
-6742
-6521
-3344
3143
1994
-644
-3367
8703
-6118
6252
-1592
1923
-1418
-1619
6520
7201
-84
-6917
8093
-815
2137
2104
-2381
807
9364
9302
4392
-1603
-5538
-9875
9138
-7052
-8496
-1783
-7033
-2951
7355
-7025
1387
1987
1496
-2049
-7580
8776
7049
-2159
5649
1328
594
3902
9503
4410
-5115
-157
-6128
1154
5860
5848
3779
2692
4964
8235
4241
-6243
7113
-4539
419
-9634
-4586
-529
9846
-3058
1696
-3894
7688
-5813
-316
-1158
3758
1523
-6347
-6936
7803
560
-9378
-5271
8062
1660
-5654
1813
1189
-8493
-805
8694
7023
3261
3709
8663
-8337
1589
7421
5284
-4085
-8876
4055
2561
-7286
8778
2155
9684
-8530
-2982
-7909
-7744
-960
1900
-9567
-6318
-6864
2385
-2602
8758
6019
3600
8281
8340
7746
3002
-917
-5572
478
1021
-2821
-7830
4102
-1631
7149
6680
6504
-1940
-7985
9283
9505
-5338
343
-5828
9415
-3060
-345
-4876
2829
28
5527
-722
-5809
8662
9264
2314
-7158
5715
4815
-288
-304
-2273
-794
449
9838
9921
-1846
-9329
4751
-6248
-2822
5075
370
-1885
9252
1358
-6743
4110
8924
807
-6653
-6040
1599
-9550
5493
7901
7979
5439
-896
-5165
3839
-9211
3245
2303
-413
1779
5455
9894
-5666
9494
8785
-1016
373
-923
-7149
-9547
8907
6075
9410
-2093
-943
-1269
6791
-5992
-3635
-4263
6128
-1243
4955
-8062
-8057
2715
1567
-84
-87
-3611
-8169
8067
8527
-2526
5903
-6637
-223
9429
2021
4363
3587
-7477
7599
5041
8993
-8096
6029
-8802
5778
-4892
-6003
-762
-4061
-6149
5651
-3302
-5061
-7604
7552
-3929
7417
-9542
9163
6461
8621
-9159
7547
1936
2003
-4305
8954
7361
1986
2002
2150
3605
1157
9914
-7056
-9961
6685
369
4137
-5194
-7607
2593
2128
4677
1823
-795
8423
-2619
-8122
-4049
6946
3130
-6641
-8862
6419
8152
-5644
-5907
-806
83
-3847
-3365
7251
3936
1701
-7954
5541
-4975
9452
7513
-615
-2952
-3680
4357
4069
-3971
-1288
-7129
-9886
-7201
-2728
1574
5484
-3964
5056
9020
247
20
-6505
-5208
5683
2593
-8824
-5945
8653
5757
5341
8192
-7024
-223
3664
3398
-2071
-5635
6565
-101
-3190
-999
-2932
391
-560
-8515
-6021
-3604
-7188
4578
1151
1215
8880
2681
1799
-4479
-8469
4660
-8169
6792
-4127
-7735
5704
8312
687
520
9894
337
-866
3873
-6354
1120
-529
-4843
2210
-8754
-7048
3104
5351
4198
-1386
4779
-8757
-5925
-5393
-5873
9311
295
7978
-1857
1868
3268
-7466
9772
-5973
-5454
3297
-1244
9703
8920
-8409
3642
7261
-1062
933
-9969
-8255
3723
-9528
553
-7430
-1573
9309
-2368
-1821
1093
-8977
1629
3706
-3439
1209
-401
2358
-9008
-7994
377
-1414
-302
-8869
-2336
-2052
4195
3401
6431
2608
4971
7517
2304
3142
-5424
-7618
-4412
-176
-2575
-4426
-6558
3958
4902
1594
2933
-6477
-8331
5050
3142
-2289
1991
-8715
6270
-3067
-9444
1445
2047
2593
2807
-7394
-1626
5025
-7121
5024
3207
3575
-1282
8487
-869
-5821
-4379
9775
-5066
5418
8563
6419
3684
8103
-1802
-5858
-3720
9145
-9741
-1280
-9383
3687
-8752
-4628
2586
3130
335
2995
7017
-5181
7199
-1584
1080
9877
8386
9357
4805
-6818
-4080
-1037
-7910
2215
6350
-9147
-1631
-5863
7761
3943
-5605
-1334
6326
-771
4767
4158
4407
9520
2328
-6654
-4099
6000
3844
2626
-7241
-9885
8218
148
-4661
3807
9717
-1160
-664
-6902
3226
1295
-3369
-1598
7336
-9604
7002
-1550
5369
6392
-1400
-1648
-1507
-2029
3648
6922
-4530
8866
-2971
1459
7280
-81
5119
-536
-543
6236
-7366
8221
8798
-6045
4226
5554
9329
3228
6002
-6528
-2473
-3994
-7815
1933
-3656
7451
-9368
7451
-5974
4406
1622
248
6499
-1584
-1663
-9149
-8188
7876
-4182
-6693
6175
7167
8944
-8900
7762
8781
-349
1415
-7833
3046
-978
5264
1968
176
-605
9464
6681
5096
-4884
9828
-712
7667
-4562
5050
-5385
2385
-8278
382
5617
3375
3743
-8546
-2589
2696
-2703
360
-2939
-8915
4171
-2438
-2200
-783
5285
980
-4615
6357
8279
-3676
9021
-1127
-5830
-3285
2760
-4011
4019
8508
1729
-6106
6485
-4623
7060
9269
5797
-1209
9302
-2432
-2146
9272
-7120
9034
2403
5597
-9074
7554
2029
-9928
-7617
4457
-335
-1742
4106
5398
1361
-3255
-794
-2972
-1306
-8578
8677
-1212